Accuracy: 0.9820474167466082
Macro F1: 0.9048014591740963
Weighted F1: 0.9813113151827453

              precision    recall  f1-score   support

           0       0.99      1.00      0.99     18117
           1       0.94      0.68      0.79       556
           2       0.96      0.94      0.95      1448
           3       0.82      0.80      0.81       162
           4       0.98      0.99      0.99      1608

    accuracy                           0.98     21891
   macro avg       0.94      0.88      0.90     21891
weighted avg       0.98      0.98      0.98     21891
