Accuracy: 0.9542277648348636
Macro F1: 0.7240259904007562
Weighted F1: 0.9491900783512454

              precision    recall  f1-score   support

           0       0.96      0.99      0.98     18117
           1       0.82      0.41      0.55       556
           2       0.89      0.82      0.85      1448
           3       0.83      0.18      0.29       162
           4       0.96      0.94      0.95      1608

    accuracy                           0.95     21891
   macro avg       0.89      0.67      0.72     21891
weighted avg       0.95      0.95      0.95     21891
